-8.8 2.2 4.71 0 0.3 3 0 0 0
-8.8 1.8 4.71 0 0.3 3 0 0 0
-8.8 1.4 4.71 0 0.3 3 0 0 0
-8.8 1 4.71 0 0.3 3 0 0 0
-8.8 0.6 4.71 0 0.3 3 0 0 0
-8.8 0.2 4.71 0 0.3 3 0 0 0
-8.8 -0.2 4.71 0 0.3 3 0 0 0
-8.3 -0.7 4.71 0 0.3 3 0 0 0
-7.575 -0.725 4.71 0 0.3 3 0 0 0
-7.1 -0.725 4.71 0 0.3 3 0 0 0
-6.7 -0.725 4.71 0 0.3 3 0 0 0
-6.3 -0.725 4.71 0 0.3 3 0 0 0
-5.9 -0.725 4.71 0 0.3 3 0 0 0
-6.1 0.675 4.71 0 0.3 3 0 1 0
-6.5 0.675 4.71 0 0.3 3 0 1 0
-6.9 0.675 4.71 0 0.3 3 0 1 0
-7.3 0.675 4.71 0 0.3 3 0 1 0
-7.7 0.675 4.71 0 0.3 3 0 1 0
-8.3 0.5 4.71 0 0.3 3 0 1 0
-8.9 0 4.71 0 0.3 3 0 1 0
-8.9 -0.4 4.71 0 0.3 3 0 1 0
-8.9 -0.6 4.71 0 0.3 3 0 1 0
-8.9 -0.4 4.71 0 0.3 3 0 0 0
-8.9 0 4.71 0 0.3 3 0 0 0
-8.9 0.4 4.71 0 0.3 3 0 0 0
-8.9 0.8 4.71 0 0.3 3 0 0 0
-8.9 1.4 4.71 0 0.3 3 0 0 0
-8.9 1.8 4.71 0 0.3 3 0 0 0
-8.5 2.1 4.71 0 0.3 3 0 0 0
-8.25 2.25 4.71 0 0.3 3 0 0 0
-7.75 2.25 4.71 0 0.3 3 0 0 0
-7.3 2.25 4.71 0 0.3 3 0 0 0
-6.9 2.25 4.71 0 0.3 3 0 0 0
-6.5 2.25 4.71 0 0.3 3 0 0 0
-6.1 2.25 4.71 0 0.3 3 0 0 0
-5.7 2.25 4.71 0 0.3 3 0 0 0
-5.3 2.25 4.71 0 0.3 3 0 0 0
-4.9 2.25 4.71 0 0.3 3 0 0 0
-4.5 2.25 4.71 0 0.3 3 0 0 0
-4.1 2.25 4.71 0 0.3 3 0 0 0
-3.7 2.25 4.71 0 0.3 3 0 0 0
-3.3 2.25 4.71 0 0.3 3 0 0 0
-2.9 2.25 4.71 0 0.3 3 0 0 0
-2.5 2.25 4.71 0 0.3 3 0 0 0
-2.1 2.25 4.71 0 0.3 3 0 0 0
-1.7 2.25 4.71 0 0.3 3 0 0 0
-1.3 2.25 4.71 0 0.3 3 0 0 0
-0.9 2.25 4.71 0 0.3 3 0 0 0
-0.5 2.25 4.71 0 0.3 3 0 0 0
0 2.25 4.71 0 0.3 3 0 0 0

